2504.17018
2504.17023
2504.17055
2504.17150
2504.16956
2504.17170
2504.16977
2504.17171
2504.17025
2504.17173
2504.17052
2504.17204
2504.17075
2504.17267
2504.17083
2504.17331
2504.17091
2504.17334
2504.17119
2504.17352
2504.17130
2504.17663
2504.17137
2504.17677
2504.17192
2504.17697
2504.17200
2504.17705
2504.17220
2504.17238
2504.17252
2504.17238
2504.17264
2504.17279
2412.00247
2504.17309
2504.14539
2504.17311
2504.16295
2504.17332
2504.17353
2504.17360
2504.17366
2504.17390
2504.17445
2504.17480
2504.17550
2504.17562
2504.17565
2504.17574
2504.17653
2504.17665
2504.17671
2504.17674
2504.17685
2504.17704
2504.17720
2504.17753
2504.17768
2406.07494
2406.15231
2406.17276
2409.06601
2409.11242
2409.18986
2409.19151
2410.01952
2410.02703
2410.05401
2410.19878
2411.04950
2412.08802
2501.14936
2502.01673
2502.05346
2502.11569
2502.13881
2502.17086
2503.07269
2503.10894
2503.21073
2504.02441
2504.05058
2504.07315
2504.09818
2504.12597
2504.13471
2504.14992
2504.16427
