2504.16086
2504.16092
2504.16097
2504.16098
2504.16100
2504.16101
2504.16109
2504.16112
2504.16115
2504.16117
2504.16121
2504.16128
2504.16129
2504.16130
2504.16131
2504.16134
2504.16136
2504.16137
2504.16140
2504.16141
2504.16142
2504.16143
2504.16152
2504.16172
2504.16180
2504.16185
2504.16188
2504.16192
2504.16193
2504.16204
2504.16214
2504.16226
2504.16227
2504.16234
2504.16237
2504.16238
2504.16255
2504.16262
2504.16263
2504.16264
2504.16266
2504.16268
2504.16269
2504.16270
2504.16271
2504.16272
2504.16273
2504.16275
2504.16276
2504.16277
2504.16283
2504.16286
2504.16290
2504.16295
2504.16312
2504.16315
2504.16316
2504.16318
2504.16320
2504.16323
2504.16331
2504.16334
2504.16353
2504.16355
2504.16356
2504.16357
2504.16358
2504.16360
2504.16371
2504.16373
2504.16378
2504.16379
2504.16394
2504.16397
2504.16404
2504.16408
2504.16411
2504.16414
2504.16415
2504.16416
2504.16419
2504.16423
2504.16427
2504.16430
2504.16431
2504.16432
2504.16438
2504.16447
2504.16448
2504.16449
2504.16450
2504.16459
2504.16460
2504.16474
2504.16493
2504.16501
2504.16502
2504.16503
2504.16504
2504.16506
2504.16511
2504.16533
2504.16537
2504.16538
2504.16546
2504.16548
2504.16553
2504.16555
2504.16559
2504.16562
2504.16572
2504.16573
2504.16574
2504.16580
2504.16585
2504.16588
2504.16595
2504.16601
2504.16604
2504.16612
2504.16615
2504.16624
2504.16627
2504.16628
2504.16639
2504.16651
2504.16667
2504.16668
2504.16670
2504.16671
2504.16677
2504.16680
2504.16682
2504.16683
2504.16684
2504.16688
2504.16693
2504.16711
2504.16728
2504.16732
2504.16741
2504.16748
2504.16754
2504.16755
2504.16763
2504.16767
2504.16768
2504.16770
2504.16778
2504.16786
2504.16787
2504.16795
2504.16798
2504.16813
2504.16824
2504.16828
2504.16831
2504.16832
2504.16834
2504.16855
2504.16856
2504.16858
2504.16864
2504.16866
2504.16871
2504.16875
2504.16879
2504.16883
2504.16884
2504.16886
2504.16891
2504.16898
2504.16913
2504.16917
2504.16918
2504.16921
2504.16922
2504.16923
2504.16929
